79 75 59 61 83 61 56 91 64 45 65 91 69
69 56 91 84 69 50 95 94
89 64 72 78 80 87 70 70 86
61 63 45 45 68 47 59 56 54 58 71 45
78 75 67 87 76 44 61 78 45 46 55
63 50 68 56 61 82 94 46 88 81 70 75 47
50 56 64 79 99 58 69 73
93 52 72 53 74 99 79 84 92 86 56 86 81 44
73 81 65 67 85 53 62 44 79 94 92 52
43 48 60 61 94 73 84 60 75 68 95 66 62 61 73
41 61 87 95 87 41 93 63 79 82
88 70 56 62 47 99 76 90 50 59 88 69 79 98
90 74 97 62 60 88 56 62
50 88 65 59 60 90 78 66 94 66 71 62
58 58 86 74 90 61 57 99 60 42 67
82 98 63 82 57 75 70 63 100 76 69
53 59 59 48 81 45 94 88 77 62 66
50 95 93 68 66 63 88 44 68 98
67 80 47 79 81 56 47 43 71 95 80 59 92
90 78 85 55 92 88 94 64 98 54 53 80
48 63 86 52 83 52 84 83 47 49 42 62
97 80 69 98 62 94 95 52 82 100 61 92 41
90 72 95 55 49 96 48 63 86 41 51 74 98 98
84 79 86 100 89 79 91 42 59 47 84 80 90 78 83 67 72 42
61 74 89 77 67 88 79 74 76 99 45 96 41 75 87 78
90 86 72 46 91 57 44 47 87 87 70 48 54 71
59 47 57 57 44 43 64 79 68 58 75 83
48 71 47 46 82 50 61 48 76 49 88 88 92 41 51
80 52 48 51 43 57 91 65 68 93 74 42 68 56 41
63 42 70 54 80 48 43 64 44 65 79
48 61 98 90 80 83 51 78 70 65 49 71 63 44
49 80 96 73 59 56 87 75 86 45 43 70 51 67 96
47 87 73 49 45 79 85
55 57 66 51 58 90 75 75 87 76 85 97
78 76 88 75 98 56 84 68 44 44 86
58 51 57 93 84 61 84 53 52 98 75 83
72 63 41 60 96 76 42 69 46 67 50 79 86
75 68 58 61 92 83 73 58 41 82 51 91 86
85 75 65 69 79 93 70 48 83 74 97 69 50
49 95 71 66 94 41 83 90 47 78 82 45 93 57
88 80 43 98 56 61 99 55 52 73 93 75 75
89 70 46 98 91 54 80 42 89 90 87
56 58 63 58 44 98 67 100 97 99 53 74 42
86 99 81 73 100 100 68 41 48 69 71 92 85
99 46 49 80 65 94 100 85 64 63 88 82
97 53 93 86 46 65 90 65 54 90 60
77 50 54 48 45 45
60 51 65 54 63 50 41 67 83 84
53 54 76 41 41 62 99 68 88 68
96 89 47 94 75 82 65 87 79 89 79 67
53 45 58 65 61 45 82 50 49 41 61 87 84 94
65 100 74 47 51 96 97 42 62 84 88 97 49
62 85 85 95 50 87 71 85 70 90 59 58 90
42 58 85 59 79 90 56 60 87 79 57 90 41
89 93 60 87 57 57 45 63 79 90 61
64 80 87 83 95 69 72 98 75 94 98
45 42 96 85 47 69 95 97
97 83 89 48 44 56 54 69 53 88 50 48 43
95 82 91 46 87 71 44 82 51 42 61 80 73 64 56 69
67 47 67 92 75 54 62 81 47 65 53 64 87 48
77 51 46 86 52 47 93 79 54 53 76 75 72
93 53 66 57 60 46 97 43 79 55
43 46 94 89 76 48 93 54 62 46 41 70
52 78 80 82 64 93 83 61 55 58
90 81 41 51 97 48 46 51 53 79 73 94
71 59 83 43 89 99 76 42 91 95 77 73 92 60
59 90 59 82 59 78 81 70 96 96 68 67 57 73 57
48 54 61 53 41 74 72 99 64 71 84
58 85 68 75 49 60 52 74 73 83 70 50
50 60 48 68 58 65 44 98 93 46 46 68 98
50 72 55 98 79 58 67 75 53 53 98 53 66
67 90 79 97 68 93 68 69 71 94 63 71 66
46 86 55 63 58 68 44 72 89 46 96 98 86 78
74 67 80 74 61 41 91 42 96 41 97 82
62 82 82 41 97 86 94 45 73 60
84 64 47 90 88 47 97 84 88 59 92 42 77 95
43 96 57 75 68 75 86 63 46 53 85 47 53 100 79
55 100 56 51 92 78 49 90 86 73 70 66 49
91 55 91 67 43 83 92 54 64 54 58 84 83
62 41 89 74 69 42 52 57 80
57 72 74 83 97 97 50 72 70 49 100 67 71 89 97 53
62 82 72 83 97 66 84 55 79 53 51 64
45 96 90 63 83 53 44 90 68 99 78
43 82 75 64 75 75 67 45 89
61 78 97 91 57 50 80 93 58 93 48 83 53
86 50 82 47 45 42
60 54 83 97 79 45 96 78 42 43 44
74 60 81 58 65 58 72 58 100 45 47 54
90 96 99 70 76 62 62 85 63 53 49 79
55 74 65 47 80 73 52 69 44 83 80 89 51 63
50 97 42 64 90 72 71 77 91 74 42 47 92 50
82 55 58 86 71 69 62 71 97 68 84 43
81 100 61 51 57 93 73 65 72 75
65 93 62 61 85 79 92 95 55 56 87 41 91 98 64 76
45 100 54 61 52 93 74 67 67 77
95 63 74 47 42 72 80 100 63
66 76 81 56 80 64 84 59 59 45 48 97 45
57 46 65 91 72 70 97 65 91 85 91 80 94 88 91 58
100 42 77 98 45
86 47 61 57 57
