39 79 75 59 2 1 61 83 61 56 30 18 91 7 64 28 45 65 91 69
69 56 21 19 91 37 84 4 28 69 22 29 50 8 33 24 95 94 39 27
89 16 64 7 37 72 2 9 78 5 80 87 70 20 38 3 70 34 86 1
61 1 63 1 45 45 18 68 35 47 59 1 56 54 58 37 71 36 45 3
18 78 32 75 67 87 12 34 76 44 2 37 61 78 45 46 5 34 7 55
63 1 50 22 38 31 68 2 22 56 61 82 33 94 46 88 81 70 75 47
17 24 1 50 35 8 56 2 64 9 79 99 12 33 4 58 8 36 69 73
93 52 3 18 72 53 74 20 99 79 84 13 92 86 25 4 56 86 81 44
73 18 14 81 15 65 67 85 53 62 44 79 16 94 3 6 11 19 92 52
43 22 48 60 61 94 73 84 37 60 37 25 75 2 68 95 66 62 61 73
41 33 31 61 20 6 87 13 13 95 87 5 26 26 41 93 7 63 79 82
88 70 56 62 47 99 76 90 50 34 59 35 30 88 69 12 3 79 18 98
90 27 74 97 18 12 62 60 5 13 88 56 25 24 9 31 62 1 38 19
50 88 65 28 59 60 40 23 90 14 19 78 32 66 8 12 94 66 71 62
58 20 58 7 1 86 74 90 20 21 16 61 57 99 28 9 60 30 42 67
82 98 8 63 82 57 35 18 75 39 70 35 63 17 23 100 36 76 20 69
2 53 34 59 59 48 81 34 5 45 5 19 94 17 88 39 77 62 8 66
50 30 38 6 95 93 68 66 63 88 44 11 2 68 16 98 9 6 28 4
67 80 25 37 21 47 79 8 4 81 56 2 47 43 71 1 95 80 59 92
28 90 78 2 85 55 92 27 88 94 18 64 98 54 30 37 2 53 13 80
48 63 86 52 83 11 30 52 29 84 83 47 20 24 31 49 42 10 62 10
97 80 69 6 98 19 62 25 30 35 94 95 22 52 82 100 61 92 17 41
90 20 72 95 55 49 7 96 48 63 4 86 41 51 74 28 25 98 98 1
84 79 86 39 100 89 79 91 42 59 37 47 84 80 90 78 83 67 72 42
61 74 89 77 67 88 79 74 76 23 7 99 45 96 6 41 75 87 34 78
90 86 72 46 9 91 57 32 44 47 87 16 87 70 28 48 34 54 71 30
59 22 47 16 30 37 57 57 5 44 23 43 64 79 68 58 75 83 17 15
11 48 71 47 46 82 50 61 33 36 4 26 48 76 49 88 88 92 41 51
13 80 38 52 48 51 1 43 57 91 65 17 68 93 74 21 42 68 56 41
63 42 70 54 1 30 80 48 43 37 15 64 9 24 44 65 23 24 79 25
48 61 98 90 80 83 15 51 31 13 33 78 70 40 65 49 33 71 63 44
49 80 96 73 59 36 56 87 75 86 26 45 39 12 43 70 40 51 67 96
47 38 32 6 35 36 32 6 87 20 29 73 49 45 79 21 3 23 85 12
55 39 8 57 17 66 29 20 51 19 58 90 75 75 4 87 76 85 18 97
30 28 4 78 19 76 88 75 16 35 31 98 56 84 26 68 44 8 44 86
58 16 7 51 57 93 84 23 61 18 84 53 52 98 75 83 40 36 2 32
72 63 41 16 4 60 40 96 76 42 69 46 4 17 40 67 50 79 86 14
75 68 22 58 5 61 92 83 73 28 58 41 82 51 31 91 86 30 19 33
85 75 65 26 69 26 79 93 70 2 48 2 83 74 97 69 30 50 39 8
49 95 71 23 66 94 41 83 90 47 78 82 16 30 45 36 2 93 24 57
88 80 43 98 56 8 22 61 99 55 52 73 93 75 16 24 39 75 24 15
89 70 31 25 46 7 98 91 54 40 7 80 42 89 39 2 90 40 87 40
9 56 58 63 58 19 44 11 98 67 100 97 28 99 21 12 13 53 74 42
29 86 99 21 10 81 73 12 100 100 68 41 6 48 69 4 71 25 92 85
99 46 3 49 80 65 94 100 85 9 64 13 63 17 17 88 34 82 32 16
97 53 93 86 39 32 27 46 65 90 17 34 8 65 4 54 90 34 60 20
24 25 77 33 10 14 7 5 34 20 50 18 54 34 2 6 48 45 45 20
60 34 4 51 21 7 65 54 20 12 31 63 26 50 41 67 25 83 33 84
20 27 24 53 54 76 23 41 41 37 32 23 62 14 99 11 68 88 37 68
96 3 24 11 89 47 37 94 75 82 65 87 79 89 79 67 2 34 26 2
53 22 45 58 65 19 61 45 82 50 37 49 18 41 61 31 87 84 94 38
65 22 100 74 47 51 38 33 96 97 42 34 1 35 62 84 88 17 97 49
62 85 85 95 26 50 87 18 71 30 17 85 70 90 59 9 25 58 22 90
42 58 30 85 4 12 59 79 90 56 11 27 60 87 79 39 39 57 90 41
26 38 89 93 18 60 87 38 24 23 57 7 57 45 63 27 79 90 15 61
2 64 80 87 14 32 83 95 4 69 72 9 98 21 75 94 98 8 19 23
45 33 42 96 27 34 33 14 85 27 21 47 69 32 12 33 95 36 97 17
97 4 36 83 10 89 48 44 56 13 54 69 53 88 50 48 11 30 10 43
95 82 91 46 2 87 71 44 82 51 42 61 80 73 64 33 15 56 18 69
12 67 8 47 67 28 92 75 54 62 81 9 47 65 4 53 64 23 87 48
9 77 51 7 46 86 52 40 26 47 93 79 11 54 53 4 33 76 75 72
93 53 66 4 57 8 15 60 30 46 97 40 5 43 25 2 33 3 79 55
43 46 10 94 89 76 48 93 22 54 62 46 7 34 2 1 41 25 35 70
52 30 78 8 11 80 82 64 93 8 13 34 14 83 19 61 35 55 58 13
34 90 34 25 81 41 51 97 48 46 19 51 53 36 79 40 24 26 73 94
71 13 2 59 83 43 89 16 99 76 42 12 91 95 77 73 92 60 16 1
29 59 17 90 4 59 82 59 78 81 9 70 96 30 96 68 67 57 73 57
48 40 29 11 20 54 15 61 9 15 53 41 74 72 99 10 27 64 71 84
58 85 68 30 75 35 49 60 52 10 1 74 30 73 8 28 83 70 50 18
50 18 60 48 68 58 13 3 28 65 44 98 93 46 8 34 12 46 68 98
50 72 55 11 98 79 31 58 38 67 17 75 35 53 53 35 98 53 23 66
67 36 90 79 97 68 93 27 14 22 68 37 69 71 40 94 8 63 71 66
2 46 86 55 63 58 68 44 28 72 26 89 18 46 96 98 86 78 32 7
21 14 74 67 39 80 74 61 17 41 24 91 4 42 96 27 41 97 17 82
62 82 30 6 23 9 82 10 41 97 5 86 22 1 94 32 45 73 60 27
84 64 47 90 8 88 47 97 24 19 23 84 88 33 59 92 42 77 13 95
43 96 3 57 75 68 75 86 63 32 30 35 46 53 85 47 53 100 37 79
36 15 40 17 55 100 16 56 3 51 92 19 78 49 90 86 73 70 66 49
91 55 91 31 67 43 83 3 9 18 92 54 18 64 54 40 58 84 9 83
62 41 89 74 69 15 42 52 6 40 15 39 30 57 24 10 25 1 22 80
57 9 72 74 83 22 28 97 97 50 72 3 70 49 100 67 71 89 97 53
62 82 72 83 18 97 23 66 84 55 79 13 34 53 51 25 64 29 15 3
17 26 45 96 24 90 63 83 6 53 37 44 90 68 99 10 19 28 17 78
25 43 82 17 75 64 35 33 31 4 75 75 67 32 12 37 45 15 89 35
26 61 78 14 97 91 57 50 9 80 4 93 58 93 26 48 83 53 17 12
86 50 1 6 15 82 22 47 32 32 19 25 8 17 45 5 30 20 26 42
60 54 15 19 22 83 97 79 39 26 45 96 24 78 42 43 7 32 20 44
40 3 74 60 81 58 65 58 72 25 29 58 21 100 45 16 3 13 47 54
28 22 90 27 96 99 70 23 28 76 11 62 62 28 9 85 63 53 49 79
55 74 37 31 65 47 15 80 73 52 29 69 44 40 83 80 89 51 63 10
50 97 4 42 5 64 90 72 71 30 6 77 91 9 74 42 21 47 92 50
82 55 6 58 86 29 71 15 69 36 62 28 71 9 97 68 5 84 43 3
40 81 28 100 40 61 11 51 57 93 33 26 39 73 2 65 1 11 72 75
65 93 62 61 85 36 79 92 23 95 55 56 8 87 34 41 91 98 64 76
45 100 54 7 12 36 61 52 19 93 74 8 67 7 19 67 31 36 19 77
11 95 63 12 74 37 47 42 4 72 32 3 17 80 100 24 26 6 29 63
66 6 76 81 56 80 36 23 64 84 59 31 59 9 29 45 48 21 97 45
57 46 65 91 72 70 97 65 11 91 85 91 37 80 94 88 32 91 58 19
29 100 4 28 18 9 23 37 9 4 42 77 12 1 31 98 3 45 3 36
34 86 8 6 10 18 2 18 39 11 23 47 61 14 57 22 57 2 19 37
